73
1 2 3 4 5 6 7 8 9 10 11 12 13 14 15 16 1 0 0 0 0 1 0 0 0 0 1 0 0 0 0 1 1 2 3 4 5 6 7 8 9 10 11 12 13 14 15 16
-3 0 5 -2 7 -4 1 0 -128 6 -7 3 2 -1 0 127 4 -2 0 7 -5 3 6 0 1 0 -4 2 0 8 -3 -6 -7 -10 -14 1 49 -26 -28 51 -549 298 55 -928 13 1009 -387 -748
0 0 0 0 0 0 0 0 0 0 0 0 0 0 0 0 0 0 0 0 0 0 0 0 0 0 0 0 0 0 0 0 0 0 0 0 0 0 0 0 0 0 0 0 0 0 0 0
1 0 0 0 0 1 0 0 0 0 1 0 0 0 0 1 4 -2 0 7 -5 3 6 0 1 0 -4 2 0 8 -3 -6 4 -2 0 7 -5 3 6 0 1 0 -4 2 0 8 -3 -6
-128 -128 -128 -128 127 127 127 127 -128 127 -128 127 0 -1 1 127 -128 127 -128 0 -128 127 127 -1 -128 127 -128 1 -128 127 127 127 65536 -65024 256 -16256 -65024 64516 -254 16129 256 -254 65026 15874 -16256 16129 15874 16131
-128 -128 -128 -128 -128 -128 -128 -128 -128 -128 -128 -128 -128 -128 -128 -128 -128 -128 -128 -128 -128 -128 -128 -128 -128 -128 -128 -128 -128 -128 -128 -128 65536 65536 65536 65536 65536 65536 65536 65536 65536 65536 65536 65536 65536 65536 65536 65536
-128 -128 -128 -128 -128 -128 -128 -128 -128 -128 -128 -128 -128 -128 -128 -128 127 127 127 127 127 127 127 127 127 127 127 127 127 127 127 127 -65024 -65024 -65024 -65024 -65024 -65024 -65024 -65024 -65024 -65024 -65024 -65024 -65024 -65024 -65024 -65024
127 127 127 127 127 127 127 127 127 127 127 127 127 127 127 127 127 127 127 127 127 127 127 127 127 127 127 127 127 127 127 127 64516 64516 64516 64516 64516 64516 64516 64516 64516 64516 64516 64516 64516 64516 64516 64516
127 127 127 127 127 127 127 127 127 127 127 127 127 127 127 127 -128 -128 -128 -128 -128 -128 -128 -128 -128 -128 -128 -128 -128 -128 -128 -128 -65024 -65024 -65024 -65024 -65024 -65024 -65024 -65024 -65024 -65024 -65024 -65024 -65024 -65024 -65024 -65024
126 -53 116 -74 86 4 44 31 110 -109 21 -96 -46 78 -116 -18 -121 71 -102 42 96 -92 -31 -90 42 -99 -65 -2 13 122 -2 72 -16424 -6690 -18601 4502 -7771 5164 -11818 5396 -24140 4047 -9014 7476 7948 -1154 9850 -10016
10 -80 20 108 -104 37 20 83 111 82 25 -11 125 -80 -68 -118 -83 75 76 -113 50 -98 -20 -34 -63 -81 83 14 -120 47 40 51 -19050 12046 8340 7378 -738 -9145 -3664 15007 -5368 -2253 8431 -15542 4069 17177 736 -18375
111 -35 -125 -24 -55 -128 -25 -44 -16 60 -42 -120 63 61 0 119 56 -17 -81 26 14 103 -48 116 92 -63 -7 115 -56 -56 24 -69 -4430 3727 -7012 -13893 -4708 -8210 9718 -16117 2800 15818 -4170 9994 -2282 -1452 -5175 503
38 -17 97 -84 -122 106 -7 52 -120 -68 -61 80 32 -70 -66 -13 -107 16 -29 -10 -46 -63 39 -108 61 83 -45 -74 -14 66 73 76 3809 4186 -12262 -12106 7023 -5779 11783 -5758 11127 2581 9413 19138 -4048 -1414 -1637 11136
-114 -125 95 83 76 -79 110 -115 -127 -99 113 62 70 69 -79 58 -100 77 -83 64 -127 22 99 69 -31 -13 -76 -29 103 3 59 -121 32879 -12514 -5236 -28719 -12822 2339 -29274 10138 28156 -13240 -4190 -25738 -7340 8109 10447 4514
15 123 40 55 121 -102 49 116 111 -128 49 -79 101 -9 9 -21 53 -2 84 28 -87 7 -7 -115 18 77 92 -69 -90 28 79 -9 -14136 5451 8424 -16980 5729 6065 24550 10693 25011 443 8487 15158 8188 -160 7716 3431
5 -65 -52 100 -90 -119 -73 122 -56 -52 31 -44 -55 -94 -35 -24 64 24 65 104 -100 -63 19 -66 -118 -123 76 -73 97 -39 -7 -122 22656 6711 -5562 -3594 26588 9558 -14513 -11061 -6310 -165 -1964 713 7682 9843 -7853 5967
28 106 49 51 121 -49 15 48 115 -18 75 35 88 71 -46 15 32 -37 -2 -87 -46 -46 113 -6 5 127 -11 -100 -13 -117 -68 -119 -4398 -5656 7915 -14041 5577 -5934 -9208 -17445 4428 2003 -5469 -21562 -875 -14119 7333 -5267
123 -71 100 -47 -118 -31 -75 45 -87 26 17 -89 -85 43 -34 29 -108 -99 91 94 -8 -67 -64 -26 -107 -103 -54 72 -119 -99 70 49 -17823 -13067 7047 18305 15662 17029 -1554 -13481 17960 13931 -16729 -11991 9023 6165 -6621 -10135
-18 110 -42 111 42 -3 92 10 -7 -100 47 -68 -33 -45 -16 -67 -53 -66 40 81 36 -108 125 -128 -37 -9 -75 94 116 16 74 101 19344 -8538 24394 -8275 -4578 -3116 -4855 13444 -12856 9751 -21337 9783 -7051 6110 -10703 -5184
-1 -25 -46 -81 -97 -15 123 49 78 52 42 38 52 -88 12 -87 93 65 83 74 -7 -2 -128 18 65 98 -21 35 -38 -27 114 81 170 -2336 -5151 -8695 -2783 4456 -3128 826 8176 8056 3268 11256 9538 7081 5410 -4363
91 61 -23 14 -32 -124 -116 -82 60 111 94 90 11 102 57 -39 14 -39 21 -4 -43 -92 63 -13 -124 -91 -14 61 -69 -81 115 -26 537 -8202 7686 -2924 24926 29854 -16290 -3204 -21799 -28396 17287 1711 -8609 -11841 1374 3121
59 42 116 -109 -66 20 38 63 52 -104 23 36 -80 19 -3 -109 -100 81 -30 100 10 61 125 41 -77 -95 120 75 86 -51 81 -89 -23786 1880 8571 26023 9292 -10949 14143 -8537 -4915 -6153 -8884 -543 -953 523 -4414 2255
17 75 -20 -18 26 21 -81 -25 -69 -73 115 38 -84 121 34 -71 -84 121 -103 -20 125 100 -12 -62 118 -104 18 -64 89 -52 -11 -99 3985 12573 -2813 -1928 -11342 14970 -4113 5837 13623 -29585 9635 -5216 19874 2092 8593 -969
-25 -83 -14 44 -104 -3 -120 27 -77 -44 80 -56 9 -49 73 127 100 -53 -75 24 47 -73 -112 57 15 -65 -65 -115 6 83 -100 -83 -6347 11946 7681 -7373 -12179 15772 13236 8892 -8904 -2555 11103 -8908 454 8896 -12632 -21513
-25 -11 -52 -56 -123 74 50 -45 63 127 -41 -95 93 11 76 96 107 108 -127 -82 -109 -64 86 -79 38 -12 -50 113 -124 20 4 13 3492 -2492 4605 -3685 -13747 -19520 19305 9305 3120 -2732 4591 -21067 -264 10348 -14281 1341
-127 -60 39 122 -80 94 94 -25 -33 22 80 80 13 47 -44 107 -20 71 -91 34 32 -115 -49 90 -101 57 -85 33 41 -50 117 -44 1683 -5994 25456 -13799 -5911 -9882 -8241 9942 -3436 -4313 4485 -22 10075 -12340 12773 -1488
83 -88 80 -11 33 -73 96 -98 36 -79 102 -14 -35 93 72 -63 -102 46 -117 8 -2 88 6 118 82 29 -70 -31 -83 87 112 -90 -817 -2563 -17071 -11210 12786 -10648 -21995 -2506 6012 -3556 -13394 -10936 14517 3181 -7443 14132
-21 2 -118 -99 60 71 71 127 -79 -41 81 -63 64 97 127 101 2 -79 -117 17 1 127 -77 86 123 -92 -48 79 1 -24 -113 72 -14653 15145 19154 -16635 9051 -5303 -30246 21879 9701 -4906 15631 -3006 15947 -6845 -32466 26735
-24 8 94 -59 82 -5 101 72 -123 -113 14 -71 28 -57 117 -126 89 31 89 30 28 -128 -96 -47 -76 116 -11 87 72 -113 -2 92 -13304 15803 -3820 1654 4666 6762 6523 18106 -20287 20298 -111 -3693 -17068 35974 6929 2106
125 83 -61 -106 18 -123 -108 18 97 -4 3 111 66 24 122 22 -27 73 -99 33 6 5 49 -61 14 112 -29 57 66 -95 40 41 -10727 12778 -10779 -8761 -1548 -13107 -3957 2679 4725 -3148 -5446 8167 1522 16512 -8016 8570
-60 98 123 -14 -3 -72 -49 36 87 39 84 -1 -7 3 123 -114 42 102 45 41 64 -79 -115 -64 -106 -120 -53 -75 -57 -81 37 38 -8488 -27488 -21007 -18489 -1592 8346 12074 9528 -2697 -4206 -5059 -5267 -6642 -6477 -11397 -14036
101 35 61 35 -22 -46 -13 21 121 77 -14 23 -78 -127 59 -24 5 -123 -100 -80 45 -24 -60 5 -67 -116 -35 -105 -31 62 -54 -116 -3092 -18169 -16225 -18370 -1960 6620 4281 459 4295 -13681 -17472 -10493 -9314 4310 14651 2194
-87 114 37 95 88 -7 -54 -68 100 -43 94 -7 13 -97 11 -122 -11 -43 22 69 -13 -123 10 -4 65 48 42 -6 94 94 -63 -91 10810 425 -5205 -15326 -10779 -11907 3882 12612 4911 4843 6159 7145 -9635 432 7464 12321
-10 82 -55 57 66 -118 28 0 49 -49 30 -7 -110 -7 55 -19 -72 -119 49 -81 106 21 -5 -103 52 -39 65 121 63 52 111 48 10143 8021 1852 -11555 -15804 -11424 5644 10196 -7603 -8394 3819 4372 8841 9810 -3889 15374
126 71 88 -113 1 -8 78 104 -115 -39 -33 67 5 116 110 5 -80 78 -64 120 93 -99 -20 -60 47 11 12 -72 -108 10 97 65 12863 2637 -19389 -2821 -8390 2768 11120 1744 -3214 -4802 14243 -4729 15018 -9834 -835 -13955
49 99 111 -70 -13 -7 -63 115 -98 102 -99 1 -125 82 -31 -106 54 45 -114 92 -33 -62 82 -105 -31 103 12 -18 -4 3 120 40 -3782 7290 -4536 -10685 1022 -6295 13952 5273 -5593 -20928 18468 -17904 -8071 -14220 7882 -23792
-105 -123 49 100 88 25 80 36 -66 61 24 42 72 -84 -30 109 -74 -102 67 -112 16 30 -22 -3 -47 4 39 -22 20 124 -100 -21 5499 19616 -12418 8951 -9152 -3442 4866 -12447 5572 13866 -9028 5799 -3082 3532 -5398 -9441
104 46 8 -119 18 88 52 63 -72 47 -41 -122 -88 -30 111 85 -12 72 32 122 -116 22 -76 -107 -93 -66 109 78 30 -118 -33 54 -10898 22014 4631 1964 -13370 -7634 -2523 238 -4435 12952 -6319 -23599 -3237 -24352 8758 5722
-47 -68 109 58 -116 -119 -90 3 98 -69 -96 -27 47 -42 -119 -16 -44 48 -78 60 -52 -76 -95 58 20 -75 -85 -106 16 -89 -9 16 8712 -10425 339 -17390 9540 9959 27976 -4274 -3076 19551 7314 11622 -2520 15797 10583 12742
-96 111 76 55 66 -7 95 -40 101 98 -29 -54 -19 118 -6 -19 -50 54 -46 18 106 -124 -39 88 87 -102 -32 -16 43 37 17 -119 25543 -24665 -1410 279 2503 -6738 -6483 3812 493 -5738 -8458 17332 12119 -15749 -3859 12399
-71 -48 91 -52 -105 -7 -45 96 126 -115 -111 -34 27 118 -17 -101 -103 126 121 16 -114 -35 -20 101 -110 26 -28 120 -123 58 79 -102 9171 -7916 -14287 10240 4755 -8587 -3721 -17579 16524 15043 17968 -19451 -1940 -7028 -6596 20612
-64 53 -120 83 -103 68 -21 29 -44 -110 2 32 -50 -12 -107 -39 47 100 -65 -113 -97 -37 126 49 -3 44 89 115 73 -15 -49 30 -1730 -14886 -3909 -1481 -9257 -14175 11973 13426 10932 -722 -12390 772 -3712 -8679 -5874 -8413
113 123 32 53 -36 -29 5 107 -38 -46 87 46 -96 53 86 -2 21 98 -70 24 118 67 -57 -38 38 101 -119 -37 -120 -75 -100 -23 11743 18572 -24029 -4365 -16828 -12991 -7122 -2408 -8440 -1469 -9671 -3441 7746 2979 -6335 -7454
17 -75 -35 -115 43 20 64 61 44 80 106 -33 -99 -96 -96 -62 -116 -91 38 -43 58 -76 28 17 54 -118 113 -75 94 -14 -97 -123 -19022 9893 5746 14764 5362 -13839 3509 -13812 2158 -22130 19091 -4423 -5096 28501 -11284 17451
119 81 -38 -79 108 -75 114 117 -101 90 -104 -71 -18 97 -111 15 26 -87 105 -45 114 27 -4 51 0 91 -50 -114 -80 127 -69 -86 18648 -21657 19522 9902 -15102 13812 -2133 -31743 13314 -7264 -866 27097 9390 -4011 2237 17121
11 -108 -95 -98 -104 -91 -115 102 123 -103 44 83 39 116 56 96 17 104 -124 41 17 75 122 25 45 112 -15 113 -126 35 77 -113 6424 -21026 -20661 -1910 -21342 -26951 11373 -31060 -8138 12900 -22087 -1939 -6941 22388 15868 -21
30 93 58 -105 -85 -93 103 22 -53 74 111 42 127 48 96 -67 80 -17 -116 -122 -120 33 44 -93 106 -5 -18 18 -110 81 -118 12 8938 -6236 11958 -12525 12858 -357 1318 21137 -5974 6190 2450 2086 21946 -6482 -6442 -19034
4 -60 -6 39 -95 77 13 80 -85 27 -72 -106 -78 99 -99 39 -106 24 -19 -34 65 116 69 -48 -96 117 -119 37 -68 -86 -85 -122 -6400 -10920 -6817 -2236 8387 1293 -1229 -9745 24885 1784 21056 11862 21555 -5325 16779 -10521
-115 -76 30 101 -65 113 67 -19 -121 58 -30 75 86 -47 15 107 53 -13 28 -9 84 88 20 -110 -123 -112 -20 51 48 -52 -16 -36 -11321 -13805 -6956 7289 -3106 4273 -596 -7744 5749 6137 -2828 -9521 3901 -12498 -544 1309
-7 -8 48 -26 126 -55 -9 -19 26 103 7 116 -47 31 -54 12 -48 111 82 36 -100 -49 36 15 -88 -116 82 -85 125 119 -71 76 -6338 -9047 4920 -6428 -2131 15464 8963 3032 2336 10831 -1822 10702 5408 956 -8018 4275
-84 67 113 54 -113 -94 -22 105 45 21 -97 -82 -33 112 -43 -109 -85 -77 89 -70 15 -116 -109 64 108 -20 -22 77 -13 97 47 77 19647 1674 -14727 23027 4454 30230 5608 8285 -12920 -11915 -4 -15589 1258 -20164 -19322 -2226
105 116 126 -117 28 65 -71 89 92 121 -49 -115 -19 9 93 -56 117 43 124 19 -92 18 82 107 -16 117 66 -71 5 -45 111 -88 -988 26610 17861 15757 -1123 -9938 13995 4696 -159 5576 5331 28294 -4819 12746 -1696 -1073
125 -27 68 -84 -63 14 72 27 -33 -21 -107 -109 77 119 59 39 -32 -65 19 -126 40 -27 109 -86 -97 -14 45 26 -65 -4 -98 35 -6216 -8012 10724 -14600 -6163 2601 923 9551 17680 4646 2951 -633 -5962 -9200 13267 -17037
-106 99 -92 79 70 41 -4 82 -88 -41 -125 -112 -114 -15 97 -111 37 23 -26 91 -3 -58 -49 37 38 40 -63 16 117 -108 -87 79 1528 -20392 -3172 -1214 11909 -9784 -10711 14301 -20987 7450 21916 -20373 -13474 14116 7245 -18146
81 -82 98 86 -24 98 75 -25 28 -123 -43 -127 35 2 127 -23 -123 -57 16 85 -128 10 -8 37 -113 107 -5 -87 -81 -47 88 -14 -17507 1007 9030 -5879 -16042 11548 -3743 -4589 27446 -1458 -9529 3348 -17049 12695 -2115 -7678
91 -111 -121 -62 111 -110 38 -94 44 27 89 -46 -46 14 32 -86 -109 -114 33 71 12 -112 -55 -105 10 73 -17 -105 -99 -14 -92 102 -6323 -5907 16869 24497 -3733 3756 17715 5853 972 -899 2686 -13748 14016 7216 5080 -16868
-90 -82 127 -45 72 -40 -39 52 97 21 10 65 81 -127 -122 70 -87 94 50 -86 -62 103 -44 -62 85 -117 -119 -21 -26 112 -103 -21 24879 -36805 -11370 11102 -8451 13035 4645 -3985 -10581 17391 -3959 -11219 -11363 16647 16946 2000
54 23 62 113 89 -69 -62 -117 -110 91 41 35 82 39 82 -64 105 -37 60 21 93 27 -75 51 55 -40 -80 -103 -41 -29 114 -76 6586 -7134 9437 -12667 4315 717 2137 13628 -2267 3872 -12715 -4552 19371 -3405 -11861 129
107 -22 -10 -76 -62 -84 -63 39 110 -26 97 -82 49 110 10 101 123 -4 -16 124 110 -46 -11 125 -116 -25 74 40 18 2 48 17 10533 682 -5858 8826 -8856 5765 -874 -20045 -2058 -1833 1768 12876 18785 -5304 3594 21943
0 -40 115 -60 126 -17 47 -25 110 -32 25 70 58 96 63 24 66 -42 -14 -31 -70 62 -114 48 108 7 84 -43 117 96 -54 49 8200 -7435 17460 -9805 11657 -8417 5472 -7968 20390 291 428 -2591 6720 6261 -7760 1277
38 16 57 -118 -3 7 -116 -2 43 117 -36 14 4 35 -86 89 45 74 0 -7 -34 -29 -69 -88 -22 -89 -54 -11 -65 10 94 -52 7582 -3905 -15274 3835 2309 9879 5593 785 -2161 3133 -4813 -10929 -4903 7825 10595 -6790
37 -117 36 9 51 91 -45 -54 -3 -54 44 -25 118 112 65 -63 -8 15 -44 17 -46 -16 -12 108 -14 -53 -84 18 -46 126 96 59 4168 1653 -2384 -10828 -1480 -5110 -4740 6699 3042 -4663 -5316 -6566 -4108 -11405 -18044 11555
99 -2 -40 64 70 63 8 47 93 -54 68 -43 -104 -65 -56 -49 113 -78 -76 6 -46 124 3 -58 -49 10 78 127 -82 90 101 -96 7991 -2610 -4186 -10514 766 6662 240 -6730 13187 -17140 -6269 16454 -2000 -4918 -1608 738
-128 -78 -91 35 100 -71 119 -37 92 -107 95 34 -68 -25 127 32 -48 -65 88 57 88 -24 -120 -43 -86 -114 118 -1 53 -48 -58 -89 8961 18886 -14672 -6966 -23243 -16586 33508 11927 -20200 -15874 30174 6724 -8162 -10994 10146 -5776
-68 -126 -128 -59 -55 -45 120 -51 -62 -33 16 5 104 9 -80 -31 -122 107 -68 -55 19 -125 82 -20 48 -67 -105 82 13 82 -48 125 -1009 12212 10564 -11611 10952 -12482 -10102 7390 7770 -3171 -410 6007 -16760 12821 3554 -16335
-23 57 -28 107 95 14 33 -58 -67 67 87 -48 -19 -15 14 -70 -97 -86 107 -25 78 118 -22 -83 68 117 58 57 8 -37 87 89 5629 1469 3970 3771 -6343 -511 6725 -6818 17257 25623 -7773 -3199 1065 4092 -6981 -3712
71 77 -28 125 22 120 -126 86 40 -18 119 127 11 82 -83 127 103 -114 -1 -6 41 -40 83 67 -5 -24 -35 77 52 -76 55 75 17110 -20002 14175 11952 12288 -10820 19078 4656 9391 -16348 1286 17242 11514 -12194 16685 8562
-13 -38 -83 45 66 31 102 -92 -77 115 -22 -62 123 -123 80 -47 -93 -115 2 113 -69 -5 109 38 32 -65 -54 109 -50 -28 84 -118 -1075 5820 4094 -17270 -413 -11799 -9725 30610 1622 11446 8361 587 1958 -17414 -21429 23491
-74 -127 39 -37 87 3 5 98 -91 -11 78 65 108 102 97 98 -55 66 -116 -69 -2 120 -35 -119 -120 -47 -41 -19 95 -39 -56 105 -3871 -20514 13502 15593 3919 2045 -15890 3835 1842 -13527 4103 12931 -8474 10987 -25563 -11143
-112 17 17 -47 75 -69 23 69 23 88 102 -114 28 116 -93 65 -27 -95 119 103 -122 -63 39 109 -72 -39 122 66 -63 17 19 112 2687 8107 -11484 -13825 390 -2502 10351 9450 -11519 -13645 16447 5925 -12307 -5236 -2255 16670
-97 23 -64 -46 -81 68 -13 103 97 -118 -35 74 -81 4 104 18 -3 -19 -85 -63 -40 109 -13 112 -30 14 93 112 30 -116 16 11 -89 8790 1258 1013 1003 -3179 6440 12396 7699 -23779 -8782 -22433 -2497 1343 16793 17397
-106 89 -12 -63 60 -8 30 -35 20 58 -58 -1 -114 -104 124 7 -128 -107 -111 -27 61 90 7 -110 -109 16 -110 -54 -81 -56 116 30 25408 22688 6401 -8170 -8603 -4700 -14076 -3410 7381 2208 4450 -3818 -5835 4430 -902 8032
-79 75 -12 -68 35 -3 109 -122 -52 -48 112 -100 32 123 52 87 -124 30 123 -72 99 62 42 -57 35 -99 -29 54 49 75 108 20 13469 -1632 -13563 -595 -6800 -19077 -12158 1097 716 -23124 -22460 10528 14292 9963 16990 -4767
